20 20
66 23 25 36 27 59 50 52 35 14 42 31 38 68 57 67 59 46 54 45 
33 62 46 17 68 14 33 27 36 58 41 20 31 24 36 60 14 63 20 57 
27 57 14 15 24 14 14 69 13 23 17 55 24 45 36 13 47 17 37 23 
35 33 25 46 42 32 69 24 42 67 62 66 36 66 28 46 58 40 62 64 
69 33 23 23 51 55 66 55 58 32 22 67 36 66 31 64 42 38 42 62 
14 60 37 16 30 20 29 27 27 60 25 16 24 42 24 12 19 11 64 57 
36 23 35 19 54 65 39 40 45 33 14 29 68 10 60 18 66 17 63 40 
36 48 38 68 17 16 53 63 52 28 55 40 44 55 36 60 35 27 31 35 
51 59 52 64 55 65 18 24 51 15 16 12 18 33 30 57 55 37 11 48 
22 46 57 26 48 44 55 22 44 69 52 48 56 37 59 47 66 44 22 22 
67 38 21 46 22 52 31 21 34 48 15 68 26 52 23 14 11 35 25 21 
20 65 49 52 32 37 26 50 43 53 61 21 24 59 50 53 34 21 13 65 
22 43 58 65 64 54 32 13 24 55 45 40 28 11 11 11 59 39 23 54 
36 51 47 50 56 63 53 36 11 40 50 60 31 30 68 46 17 54 57 48 
15 22 35 58 18 30 63 22 57 49 63 64 67 29 38 41 65 17 19 11 
10 65 11 54 14 55 19 68 12 35 63 14 52 45 49 24 25 59 42 35 
10 41 49 32 46 55 62 12 61 37 50 10 45 55 47 19 21 51 53 32 
21 64 20 32 55 59 21 32 49 24 25 16 44 53 10 39 25 48 18 28 
63 16 16 44 54 63 39 66 67 39 13 44 16 19 24 15 30 27 47 57 
44 39 32 46 21 44 36 62 55 17 63 42 43 34 39 14 57 45 47 61 
